ХАРАКТЕРИСТИКИ ПУТИ
 1.089e-02  6.000e-01  3.400e+02  2.100e+06  5.000e+05  4.490e+03  5.091e+02  3.619e-02  5.400e+01  5.400e+01 
ХАРАКТЕРИСТИКИ ВАГОНА
   4   2   1   0
 7.849e-01 4.000e+04 1.500e+02 0.000e+00 1.250e+04 1.000e+00
 7.849e-01 4.000e+04 1.500e+02 8.650e+02 1.250e+04 1.000e+00
 7.849e-01 4.000e+04 1.500e+02 1.850e+02 1.250e+04 2.000e+00
 7.849e-01 4.000e+04 1.500e+02 1.050e+03 1.250e+04 2.000e+00
 6.167e-01  3.420e+03  2.240e+02  9.300e+01  1.730e+04  9.300e+01  1.000e+00 
 6.167e-01  3.420e+03  2.240e+02  9.570e+02  1.730e+04  9.570e+02  1.000e+00 
 4.659e+01 0.000e+00 0.000e+00 5.250e+02 6.450e+05 5.250e+02
 0.000e+00 0.000e+00 0.000e+00
СПЕКТРЫ ВОЗМУЩАЮЩИХ ФУНКЦИЙ
  26
     1 2.500e-04   4.000e+03   0.000e+00   0.000e+00
     2 3.750e-04   2.000e+03   0.000e+00   0.000e+00
     3 5.000e-04   1.300e+03   0.000e+00   0.000e+00
     4 6.250e-04   8.000e+02   0.000e+00   0.000e+00
     5 1.250e-03   2.000e+02   0.000e+00   0.000e+00
     6 2.500e-03   5.000e+01   0.000e+00   0.000e+00
     7 3.750e-03   2.000e+01   0.000e+00   0.000e+00
     8 5.000e-03   1.300e+01   0.000e+00   0.000e+00
     9 6.250e-03   7.000e+00   0.000e+00   0.000e+00
    10 7.000e-03   5.500e+00   0.000e+00   0.000e+00
    11 7.850e-03   3.600e+00   0.000e+00   0.000e+00
    12 8.480e-03   3.000e+00   0.000e+00   0.000e+00
    13 1.050e-02   1.800e+00   0.000e+00   0.000e+00
    14 1.250e-02   1.000e+00   0.000e+00   0.000e+00
    15 1.570e-02   5.000e-01   0.000e+00   0.000e+00
    16 2.000e-02   3.500e-01   0.000e+00   0.000e+00
    17 2.090e-02   2.000e-01   0.000e+00   0.000e+00
    18 2.620e-02   1.000e-01   0.000e+00   0.000e+00
    19 3.140e-02   5.000e-02   0.000e+00   0.000e+00
    20 3.490e-02   3.000e-02   0.000e+00   0.000e+00
    21 4.490e-02   1.500e-02   0.000e+00   0.000e+00
    22 6.280e-02   4.000e-03   0.000e+00   0.000e+00
    23 7.850e-02   1.300e-03   0.000e+00   0.000e+00
    24 1.047e-01   5.000e-04   0.000e+00   0.000e+00
    25 1.150e-01   4.500e-04   0.000e+00   0.000e+00
РЕЗУЛЬТАТЫ ВЕРТИКАЛЬНОЙ МОДЕЛИ
          p                    onapr                y
 1.250e+04  1.123e+03    5.100e+02  5.853e+01    2.042e-01  1.836e-02
 1.250e+04  3.536e+02    5.103e+02  2.238e+01    2.046e-01  9.028e-03
 1.250e+04  3.552e+02    5.052e+02  2.351e+01    1.999e-01  8.406e-03
 1.250e+04  1.147e+03    5.046e+02  6.001e+01    1.995e-01  1.873e-02
          q                    ball                 opzp
 3.745e+03  3.358e+02    1.089e+00  9.866e-02    3.750e-01  3.347e-02
 3.751e+03  1.645e+02    1.090e+00  4.863e-02    3.758e-01  1.703e-02
 3.665e+03  1.528e+02    1.076e+00  4.566e-02    3.709e-01  1.589e-02
 3.659e+03  3.424e+02    1.074e+00  1.007e-01    3.701e-01  3.415e-02
          aksr                 akss                 aksb
-1.359e-01  0.000e+00   -1.205e-01  0.000e+00    0.000e+00  0.000e+00
-1.359e-01  0.000e+00   -1.206e-01  0.000e+00    0.000e+00  0.000e+00
-1.346e-01  0.000e+00   -1.194e-01  0.000e+00    0.000e+00  0.000e+00
-1.344e-01  0.000e+00   -1.192e-01  0.000e+00    0.000e+00  0.000e+00
          vzs
 1.812e-01  1.631e-02
 1.815e-01  8.040e-03
 1.773e-01  7.485e-03
 1.770e-01  1.663e-02
